TILEMAP
71 57 							-- Size of tile map in tiles
10 -7.5 17.6					-- Camera Center
17 14					        -- Camera Movement
models/cube10_border.obj 	    -- Model
11111111111111111111111111111111111111111111111111111111111111111111111
1                1 1              1 1              1 1                1
1                1 1              1 1              1 1                1
1                1 1              1 1              1 1                1
1                1 1              1 1              1 1                1
1                1 1              1 1              1 1                1
1                1 1              1 1              1 1                1
1                1 1              1 1              1 1                1
1                1 1              1 1              1 1                1
1                1 1              1 1              1 1                1
1                1 1              1 1              1 1                1
1                1 1              1 1              1 1                1
1                1 1              1 1              1 1                1
1                1 1              1 1              1 1                1
11111111111111111111111111111111111111111111111111111111111111111111111
1                1 1              1 1              1 1                1
1                1 1              1 1              1 1                1
1                1 1              1 1              1 1                1
1                1 1              1 1              1 1                1
1                1 1              1 1              1 1                1
1                1 1              1 1              1 1                1
1                1 1              1 1              1 1                1
1                1 1              1 1              1 1                1
1                1 1              1 1              1 1                1
1                1 1              1 1              1 1                1
1                1 1              1 1              1 1                1
1                1 1              1 1              1 1                1
1                1 1              1 1              1 1                1
11111111111111111111111111111111111111111111111111111111111111111111111
1                1 1              1 1              1 1                1
1                1 1              1 1              1 1                1
1                1 1              1 1              1 1                1
1                1 1              1 1              1 1                1
1                1 1              1 1              1 1                1
1                1 1              1 1              1 1                1
1                1 1              1 1              1 1                1
1                1 1              1 1              1 1                1
1                1 1              1 1              1 1                1
1                1 1              1 1              1 1                1
1                1 1              1 1              1 1                1
1                1 1              1 1              1 1                1
1                1 1              1 1              1 1                1
11111111111111111111111111111111111111111111111111111111111111111111111
1                1 1              1 1              1 1                1
1                1 1              1 1              1 1                1
1                1 1              1 1              1 1                1
1                1 1              1 1              1 1                1
1                1 1              1 1              1 1                1
1                1 1              1 1              1 1                1
1                1 1              1 1              1 1                1
1                1 1              1 1              1 1                1
1                1 1              1 1              1 1                1
1                1 1              1 1              1 1                1
1                1 1              1 1              1 1                1
1                1 1              1 1              1 1                1
1                1 1              1 1              1 1                1
11111111111111111111111111111111111111111111111111111111111111111111111
